function obs = get_obs()
%     obs = [1:30 50 100 200 300 500 1000 1500 1800 2000 2116];
    obs = [1:10 13 17 20 26 34 40 50 70 100 130 200 300 500 1000 1500 2116];
end

